$ANSIBLE_VAULT;1.1;AES256
36386333366562636436323561376538333235373964633731643561323530626466626534656238
6266373663343363623833323138653930356632383861340a623663643331663764346235666663
30303065656636383634396437386566633763376136653762663930373764653934663836353864
3336303736646431300a386462313634383537396464396534356437666636656464646332346262
36656131633564323737356366393534333265303464316433396363383238643637656136353632
66333865346661343664306638383265386335363338303038306466663663643830303036316239
33353232663566633136393533633262653535386365366663373936636139666430616438396230
63303232633231643338386635346539383862643336393139383639663139316639663032323563
38636336333133303066623237653062373365646630633832363630643537343135386431396666
64643732613665383563383430393762613163323364366363663337356636663463316562386338
65386564366531643866666364623263616135366434636162623730636432373639393136663462
37373164626533313966383232396436613162616333396262363835613335613966346636613461
64636535653863373134313564313032646163356130343132616166366362626163313536353864
31373731363836386166623834303361636566383933323065326464323864343036623133363038
34626166613830313135393165663538373566383331336366343331303638396230336636623633
38373866653834356161353730373934343836353062353962633363663237396462373438313164
30333031663963636533326165656230346264316237386263653764346237326565663762353838
39613366656264376330313964643263646662333362393837613938613531346562366136343565
34616537653436306563633535613033323833626464663465623630636338393761336534666565
63623636623561383732643565613337303132383837356334376139386138343565633366643837
39376435313833323234636634306362386462366634653531626139623636653031393761383138
31613161356635653535653565333431373538633364343931613066353839316464303461386138
65643561313161303737396261353034373061653663613031343034646639396531646332393733
32313238393665313533643563666636636334353835633132313532363233663331396666356666
36353434613664373631666336313638623532333232623737663665313363366165383737316439
36383765363038643138633563306433306663326434323265656633323363333363393433623363
37636539316438396532386166386434303463336361353938353563646136306565633730376438
39666431653962396563663634323336366334356534623661313535643431316635653339666130
61353362343233623232363563653362393236343339623239663638383835363939643562376362
35626434356339343164373032663164656565356338623562383839666632633135666439326336
65343763613861386366353266633937643934376131343233396534616165346133633331323661
37653637383534633133383132643461353962333836383662376331303138663331313939653566
37653738323434343062363563383864653164356566653731623565623331636464393632613063
31656564633838636139633539643536336163396336363731356163363435303063303438303439
64393235373965333561633832316337346265663835383530336435613733373134653265336134
63303965633134323838376437386332613865616563356561313439636434616532343866363662
35313232626337306139306131373730313332643635626138383766336337626135363433393663
34653634623434343964646538636562613037306236393131396161653462613130616334373534
30353230343237646232313263323437323064386235373165376533383737626264623133316237
35653439363966343231313965333430396361623435633564346264666236656331336466333033
62623039383334346561333832323034313335333938303066653938323035626163623231353530
62626262376438363761663233333538396533616362336537326337633034353139333438346239
66636239666439333634616538373962653232396162366364373136636163326336636539343663
62623234333631666335336236343765326464363861613030666438376265323364636330333266
32396539316666623336353262656238626232363338343230363261316231626138373734663838
63346334343361656462636535613166326639343735316633393731363966306264383164306435
62323636306530333239653062333636366632363638343365363566656561336263306665343138
31616164366461396137626230376364656363306265313432646466306665386662333562616531
38366337363237366335623666396337626563313636356463396437663932613337316134633930
63343630653034366264326339336561336335386564666461333861356238383531393337666437
35333962396466336435313736346162613834336336393266346663316534653937393736613162
34393466353164316363303737386532316635353635346633623161643834623432666134316661
34356136383434616530313965663163313632376631663137393061626563363434343266656261
65363233666134373732306334333931393535313961346161666437376338363432376566333236
65353935376333613630363030666630316238616133323230646564653537313033643531333830
61303538313538376338643966653561646330633766373433626661656532393233346536393330
62656130386663663966313161623639373332343065623433386163326166633165383730393638
31356239303063373636353832376133633065613934613663373266356263633934303737653438
37363733663738316163313634363733623165663864356362383361306632346564306334656661
30333466376262643263393235633638626232613761653963656333663731303837393662316436
63386134383963646636313132666161373764343236366563636264396433363135623966326664
63363366356339646237633662303233653631666566653437336231616134623434653163623864
31313064666464646264646161343065323166333338376130336561373663616163353864353066
39393165616165633534633034643530353262636265303331633066366465643337333237643364
34346234386430646237623364373937373838633939653338623330613034623033316435366538
39326236386361616664363838313962323637373461633036343264366330303031396532363163
32383431363964653136616664666236336264373362376236613837613736376230616261356163
32346234313831666465383338316565333938653139343563626462646565336238616363383539
32653239386433616138323031626665313236663338343330343630353232383235373062383835
31333534343336366463663461656132333839313738316563636665376536343836306532643361
34656637663031616331383731336434363834336530616636336530393937333539383364383933
33343936373338376331646533353137383962636132383439373230636132386635303039343039
36323266383164313864396531663939366263373230343737306135663236333131396231316637
61333163633033313035636136653933316232663936316563636333616338306231323363626236
39303666306433653539353163636635653262376436613034363030373139666466316664346663
64333464663961653766326532313734336565663061373236396437363832306335633730613338
65313239353332386135613335656633623966616639653439633164653634326565353061393439
35343735646262626330633464326535363762353130326432353530373266653764313134303164
64363665656533303934626130356565643632643736323064383033346666643133613237643531
65356162323830313639623563326436383232326462346666356466363664353963346364343734
39666136356135353864303434313933383863663937346135633032646335636335376437396164
31363236633733373635653439396264336364333063633431303930343166323830343630663637
39366466663162383565666237313833343837633862346339313661396163616438623538396130
34643561383063356133656234373638613761333662653237353265343762623032643236333139
38613338303837353030623330343966316663636131313330363661363865363730626138636432
31383132313538363335633334393963646331613435363837396137636130333839336531316139
66333764613533326532353539323961663939393232386533623862303934393430653837613332
35653935663563323064306161396664333830373466393230663138366536613632656364333665
64386231636332646635356333633231313966393831306433313734303638363333323830313432
34396232336361323238353265646264613338383664383362363638623331343461333762306563
38326231393766316266363639303437663961613239643735663765646136663439653266363266
62333536646565313037323263303538623863373437653139643335623533303365623930353639
65643736333266343566376664636431623930646636303563653562373734613837333735663737
63633934326437323336333466386536666133396633653637326533303163306266643362366663
33356238303065356433653162313530303264316463313738396666393535623938323262333335
66326662666463313936633361336436303932366434643663363833653664616637313536623735
65643632643037303034356434663537643763646434663635366331306564363231313566353735
38313964313565313466333836623436366464636437396431333161643838306461346362393333
38376562326331646433623333336539383162646265306530383838356336326339666431316166
33663535336532643135656436386433386161656134656239376536363034626536343136336666
66396364346166386463396666363738366538336338393266623435353338393037313535333136
65363664646432363138326261306435613735646535303161313761383663616463666165636466
31363834653764656330366462376131623630363866306231353637326166336665656233373330
39336236313062313965376466653261613131353966326565643963303737633731313830643234
39613631343361643035663136613230383837333437376363353463383738656433616563616136
63643366643264356635633931626437666632356439623537303538616363623138663533323664
34313664356532616432373237663761653030323333363230393765623030326662393137383239
33326666306263383638626463303637303064363831663630306130353930383935303633316264
37353433303136333632656232356365383534316566366536626362643435643936346664366239
33623766303735623630656362393339353435313433626339316463376465656632616536343963
37353231313430346233373966303565323736336436623237386435313832353437613665626431
33646564353130303332633963356237373062343961333733383231383631356362373165383633
37643961636165653831336562306332396532636666633535333334386137373531663532613664
36393736393937626430313061306531363939386439643862646134666637376433613564313730
31633130646135663961623765623938366439646266303432353466366230343135373965623063
33646534353065363039376232383637323061653362376266363634633465336337613762646161
38303231633061633135373862643563626364366538373861363365653239626432643464666632
66633735636664386163363730316537643963343064313937643432393962643331306239626161
33393364316231633831393438396538353135323439323332663830313939393363346431656433
63336163353834323031656464353832343364653765663133373265316639623262663938356231
37326361333134353661373165336231616132373834633938353433303730336134383235303039
33326564663862666138616436656333636536363063393165646662653634646331326434366138
38313235303665343534313735653663636265316634663432366562663939396534656433376130
64333562396661613735653165346462363364306237663664326363626437613665653332323231
64613138373138393536363465333533306537316435663535376365376163333439653765366432
62666264653366636232663635656466666166346334356266646535636331626634363339343237
36356234363461666138353762356435393333313038316631366435623931353830646435353866
65646461653262363961313065346633623262306331393764323662653136383032346365313833
61623363363131383936653764356538383036623564386539366664373232656338643733383030
37653133616431323035303462663438613762316533383961633764306530326663383938646338
32383266333462396631333237396436623934383036613932376232613364383638656331326665
33663931373964656230343664323763643038353666393137343337353533336231626635303337
38343038323538313664336236616663626261323866336166393062633963623737363165346636
34663637616131636432356134366463663263613861303034643566306335396162643236396665
32653938646238663432353236333237356138363632303761373639313635626335323831353962
37346431346538613034326630343737336530346561306661313662663166616562366263373061
38343664386661656237396231373362623639623535353734373935333230316132613134346666
65346666633330376235326461666230623062643462623266363833363663343434303162623235
32316134303766363232633164623634633438613735363563666336336132336535343964313664
38613333333134393732303537616266313465306264303262386365383336313439326534323461
64383934666331343163316233346638663463363731366630383463383838356432666339616563
61643931656563626133313263393037396534303630326432396434623139383964636330306438
36303837353932353532613163383230643539353631343761386565636530326430323735666664
61316232393738386164323564383536333161666139383565663637663833373639393132643131
38666666346235336633313063643864643133346537376231616262643162336232386363663430
36616639386134383064323935386231636465346232323531316536343766643138323833646561
65663639316364393066326163646333646263343439666665336539623237623365626134383863
65323431363665383264376263333164623930306637386661336261663833373830386530376331
38623034313332363462613237363838613361353763313138343161393332386430363936656130
34323566666134363435383230663836613833346163643262386666316130636236363862333232
33643331366161393934633931363761633763663432643737306466333035656537376230383532
62383833666266656264303132636231663730343762633862656637353533636130353362356637
30613338373433623961373137626162626130333064336332326331663130613965366632326464
30653137363461376232663966303664333234373839613430366461353831303438316630376436
35313663643131643766356562323035653365653136376161343034666666323164373665306365
39326663373062633862636337333137373261666661356433373930643936663332373038393030
39393435656266656434623432643766656430383136613562346265353764376564356563303936
34353566303061383138653638376661353239343063653736396165346663616535633236393238
38613135643637633135336665643162306635643361326431383966666431323136316462313865
66383465363339373630336236376334313630356533613939636539386361663134653662346130
32323237366164313731366663333636393364323736373131396635633931623966646362646130
36343366626162343066306139336631393162303561643361653336366530656637313737386434
38643039333135393937396362366133373636623661633433383737326539326134383535646662
30303738363661656633376261326266326336363435353932343661366333363863396162303366
63333833346564356465373165643139383763643731666664346563393961643136656334343134
36636131613037383232383363386639613831623934386432656532353731363836646263363261
63343039373363316364616332666563626362623931386564363734316235383031356633656164
65343632386130633162656335653866363737346237623765336165333662326331636230316133
66623431353233313566313137393566323265333938353633376336646665653730323262386362
64656637616130376262346262353432633636333461336638616634333965623832353937383038
66636465623636366462373633336566623463616132323265616165336437653838303162663866
34303730613639333634653733663862356433653332303930303030663733353936336561326134
38633638613039666330353461336431343466623662623933353537353934353563363930653461
63663035386366393434326161616536666430316164306364353136646336393064303534386538
63663934643536653730323232343366303336666433383262366465313736623063323064343661
34623866363230653130346164363836356464613435636134313735663266343337616631306133
38333836363139353364366138646335613939616161356661656561623437646435353764303965
62376434313834373962356566313238373163653530643530366330666235343164353737336432
64633564323464373833343865386264626637306261383965316565303365613630633734626165
33346236326364393062386333396565333635336134383330396464613731393939353066633261
31643330393033656464366332353266383163343763383364313034633536633938356134326361
36376133616666633965396333373537636430366537366664383234323236336335383130386334
35383232643634633666363564386139323564393033633231613036613436303464373434623461
63396138393664613063663865633231636536336362663265623131363061313031356361323866
64373230653733616663623430393065393564653161363730316636313261666339633164323233
65333036376661616632376631643738653863373332323231646531313064643865323430303230
63643733646133333964363937383131653531646335666262656164653938393161383539383034
37623435353634383261303562653834623632356264626366383635373238646632623837366337
38343135306137396661373330623035623230613261666631633737343763303263336635613663
38353237356439643763303232353366633838323232323534343537613432323030376566613866
65343039663734323633666266643463326233303630346266643931313932396364656536313266
63616363326665303561353030653738663836653464653835313864303033353330383566373836
38303735313435636261303565333333356163393439393831653562336236396466383839326438
39646432616465656664643566633063653462383439343862326634386265353566656338326339
62656537653866343939333135393863383564336163623631323430633837313830396139383165
32656535326238393133646530313565616333353462393636303239613130613263316130373135
62363863653633343165633232633765643864636237646165633737333965366533383961393833
30653363326433396139313532373138313539626165383237626633626139626638386132386666
31623031306231653735323866393963333331343638303531363836643230393762643235316434
36316437613838386664343766633336333538346430356332356662633264303565313932323935
32666563636665363934643339383437306330663366303164623264343362303736616331666164
62653030653637306636653538336662323133316635386333626364643831636131373632623637
34353266396138366133323833373966636361666636656432373334336233373135393165313735
33376136373132636461363639663033343364613331363732363231393034636530363062313236
33363964383263626539303933623165376363383338623135333136316566393066663234646134
31333333633533373836623337303430303062313366616664653138376530323534373534393163
30396334386435373635636263366530376563653938636332326139386461303332653866303735
33613062333961333234653730633833346665366466353438303739333134356434336262616133
63303639343666313932633231653261346361633265653131306164333432316430303037353332
34643134633231343763323136643339376430393866323662643032623361313662623832386438
35363130666163633733636632643562383161366135303463363331313265333833393032633334
63646632393963653562383663623861306235643239316666343465356239346566623037363233
33346139303065373738363934653662633438323133356363626362666638303461316339323038
32396337393635336630663530623036663437306230653564343363353561313237323036356231
31623736326264663333613939363038666530323939643337643861663733393235353931323531
34353631643132626661656533633463363032636565316663343030393438623864666162306633
38663464633764336231666231663562376438346564373735643630313462633765633531616265
33323165646535653136353931613662646237376430373861353131646265356161333631383832
66633362343332323665393065643939336331666134663166316435653437343638633135633433
36616534336432656231666565633431303662303833363564353832643235323965373365363530
64366161656333616466656161316137643939656639313437316462616436623965653263393736
38396238386261343036326662343336316165313735313665643962386230383365376138616639
33346231323561333237393233656164636336613431333566306633343736613635383062356630
38623261333533633233333737616432383134653965376437303131333062666637323333333161
62643633663435326336633539633664656263353131366436306130303066393238383336343030
34633134303265666632633863306364626264306433653337653034363238636164396635336366
66383333363063633034633066633139373938393134653530356566393432313039646132306666
63306337666636323263326131303432646434393338303463313063656139373538663032393330
30613962376263313630663435333266636664616130333733363464363830643166326466653431
34313032343137653838343662396665653732356533396562343136386264643437306263383436
39663461356431613930376231313566626238333432373437376238363263356536346134313338
66313630643130386531373163303036316531306464633136666664306530333232373663663231
38356639356262336531653465383564323036623462366435363039393538643937656533663834
30336439303033663933373332333137343539366636393734633034303134626136633539343332
33653863333265666337633662363231306333396564363530383439303636333861386234393230
30326166383763656533303031336131383037396136326235373465343735386630616361323437
61643233623466666264663164636535396339306239383366396634323236373137383134333964
33373466626366373434336665646465316465643337636164343564346166396231373332333137
37303963313234626231383133393138643264316337313137396462656632653262646465366462
39663262393830626463643231633537653863333862646162626333373833306531663335353564
62653264653234373433643162656538663535613161323965643232363935303266353761306462
34653134633930303363613831666238383431643066353236313562643036393539316137313538
64373461353262316165306436366437376161386562313761333564306234333533323535656165
63323131613939353239396432386138353832306363653134363734383363646533363636326434
62353165366165623263396437336161333736333864333330356231323933653238323734383533
33383965323330626438313235363039643432376561313736633635653564363231663039373532
35366439623236663534336462373536343130633530333539316365613961656364373434323436
63656238373961663435373135313934613263373865383336343038323335636539626563376636
31373861343735343035363334626165663364653239633564396161373932356434343533323762
38386236623839653866666264333266376531306561623237343862353464346464643431386234
31653466363131313533633264636531653062366666386438396439303730393264643934316437
37313634336338343533356536346136363661653535363630333936363465363537333831306439
34646138343939663834343930613661303732633036663366333632643364663139623364346462
63316465343737353135646538643431653131336433363839303064636662613264663065366233
61363037653330356365333864383566613134663065633561313061356534386364666263663536
37663533623137633239643066316332393637366162623735636237363764633832336338396463
61653134633033383732386366323562396165306332376235396435313235636337623033323230
63646163333239663861326333376631333138393732646435653061333931336365373362336164
63613462356264353739363434366431663763636639353430633834346435353365303734613630
62663162636363643565383161353935343263356461303566346135306539616431346236663934
31383530343032356562366636326136353064363631373638616134376261663530343532306634
31653630393762386564343833393439313334636133393536326432623833363437396334653566
66663933616136623164306130346538316638363933353764363962326339306632323939323335
66613964613261303235353764656430323765656136313238343135376433306139333238396339
63363933326632313734653939373862333738363538616137383637663262653936643462306566
63313332383361623632666135323335333761316439663763666162646133626433633434346461
33353930316665633835376431333665653433363565343562396232306366646363383439343633
31366432613861613035613930323933666364663833373262623061653263373965623063366534
62313663363934643161396234623363623332623365346133323665643363373935356531663561
33353439313933323562316166363138313731333932323331383063353039613631623632306330
63383937313732663132626137626465623031366636353566666562373636353265386364363761
30393537326163333931663037363266346334653562346265363434643961613266653136333364
36613130386431633961303562306137663762656565313735336238363233323638306666396637
62363263393735343562383962396237616431353034653266613161376234333366306338393039
66366336653632393764303435336134616362376333346564383834363565633562326336323236
61386135626363346433656162633030623031356436613062316136366663343361386538616335
35623264356636316266396539663265373034386232386433366436376162366563393831666565
61663535306338346261616665663737306632333733383265356162666164353934333737646437
62306433376332636539346637643735336363353830633437323938326562623631616238653336
33613632653861346564343262663936626361383163356137646230653635326334623435343363
63333465393935623739313064356632353636393263373661393036303330326361613363326332
65643839363265343631636537666336386530656534326133303466663935346362373039363366
38653761373436663933656534306233323538656333343732663533636633666533353831343433
63313335303136363837663762343930336139313631663437303935613863613266363963616437
65386232646535376632656432396239396230643939306564633561336261373932313834356662
35313634363037616265353839303432373564356234656234633337323536633462613635633336
376461343336323137636538613262363065
